MutationType	HAP1_CHK2_56	HAP1_CHK2_56-10	HAP1_CHK2_56-11	HAP1_CHK2_56-12	HAP1_CHK2_56-3	HAP1_CHK2_56-7	HAP1_CHK2_56-8	HAP1_CHK2_56-9	HAP1_EXO1_40	HAP1_EXO1_40-1	HAP1_EXO1_40-10	HAP1_EXO1_40-12	HAP1_EXO1_40-2	HAP1_EXO1_40-3	HAP1_EXO1_40-5	HAP1_EXO1_40-6	HAP1_FANCC_27	HAP1_FANCC_27-1	HAP1_FANCC_27-11	HAP1_FANCC_27-3	HAP1_FANCC_27-4	HAP1_FANCC_27-5	HAP1_FANCC_27-6	HAP1_FANCC_27-8	HAP1_MSH6_30	HAP1_MSH6_30-16	HAP1_MSH6_30-18	HAP1_MSH6_30-2	HAP1_MSH6_30-4	HAP1_MSH6_30-5	HAP1_MSH6_30-6	HAP1_MSH6_30-9	HAP1_NEIL1_3	HAP1_NEIL1_3-2	HAP1_NEIL1_3-3	HAP1_NEIL1_3-4	HAP1_NEIL1_3-5	HAP1_NEIL1_3-6	HAP1_NEIL1_3-7	HAP1_NEIL1_3-8	HAP1_NUDT1_41	HAP1_NUDT1_41-1	HAP1_NUDT1_41-10	HAP1_NUDT1_41-11	HAP1_NUDT1_41-12	HAP1_NUDT1_41-2	HAP1_NUDT1_41-6	HAP1_NUDT1_41-8	HAP1_POLB_35	HAP1_POLB_35-1	HAP1_POLB_35-2	HAP1_POLB_35-3	HAP1_POLB_35-4	HAP1_POLB_35-5	HAP1_POLB_35-7	HAP1_POLB_35-9	HAP1_POLE_34	HAP1_POLE_34-10	HAP1_POLE_34-11	HAP1_POLE_34-2	HAP1_POLE_34-4	HAP1_POLE_34-7	HAP1_POLE_34-8	HAP1_POLE_34-9	HAP1_POLM_21	HAP1_POLM_21-11	HAP1_POLM_21-12	HAP1_POLM_21-2	HAP1_POLM_21-4	HAP1_POLM_21-8	HAP1_POLM_21-9	HAP1_POLM-21-10	Total
A[C>A]A	41	77	73	81	99	48	59	97	130	88	123	111	127	89	112	102	35	79	85	61	81	75	68	73	73	75	68	93	56	60	84	87	55	81	87	84	72	53	63	92	126	82	76	72	93	65	93	58	62	63	45	104	64	94	56	78	49	61	92	58	72	51	57	63	61	58	64	69	61	74	63	50	5318
A[C>A]C	8	13	22	20	41	10	16	29	41	35	41	28	52	29	37	42	8	18	27	17	32	26	24	16	19	27	31	53	26	24	45	31	16	16	14	22	17	14	19	27	32	13	16	17	14	17	21	12	11	9	14	22	10	26	16	24	13	10	16	14	15	14	9	14	11	17	17	23	15	14	8	18	1509
A[C>A]G	2	7	7	6	9	5	5	11	11	4	14	10	10	12	17	7	0	5	6	5	7	4	5	8	3	8	6	14	11	4	8	5	6	2	3	4	8	4	5	5	12	7	3	6	8	5	5	8	4	1	6	10	3	9	5	2	4	9	7	3	7	7	4	4	4	7	5	4	5	5	2	2	442
A[C>A]T	13	42	29	54	43	33	31	50	74	49	57	47	65	45	62	53	21	27	43	28	52	39	27	24	37	41	32	62	30	39	47	53	30	38	35	37	37	32	36	59	67	44	41	28	55	39	43	22	22	16	29	40	31	43	23	33	31	37	32	24	43	31	26	31	38	28	38	41	35	37	31	24	2701
A[C>G]A	3	5	7	7	13	8	7	14	12	16	18	16	21	14	21	13	3	8	25	19	12	8	6	16	6	15	30	27	13	15	17	22	4	15	11	11	5	7	10	18	11	9	6	6	8	10	10	6	5	4	7	17	5	16	8	9	8	7	11	2	8	5	9	7	7	11	8	7	9	9	6	7	763
A[C>G]C	3	2	3	3	7	4	8	7	8	14	13	9	15	14	20	9	5	9	5	12	6	14	12	3	5	7	10	8	11	11	10	12	4	6	5	9	5	5	7	11	8	3	5	6	8	4	6	4	5	5	3	7	5	3	2	5	1	6	4	3	6	5	9	5	5	3	11	8	2	6	9	10	484
A[C>G]G	2	1	2	0	1	1	5	1	7	10	8	4	7	5	5	8	2	0	0	0	3	3	4	1	0	4	6	5	3	3	5	5	1	4	6	2	1	1	2	3	3	2	0	1	4	1	1	3	1	2	0	5	1	2	0	1	2	0	3	1	1	0	4	1	3	1	1	0	3	1	2	2	179
A[C>G]T	1	6	6	7	5	7	7	9	13	18	21	13	22	16	16	18	5	20	18	12	10	14	4	11	6	22	18	27	26	17	34	31	10	8	8	5	8	6	10	16	13	4	12	7	11	9	9	6	3	2	11	8	6	5	3	13	2	4	8	4	8	12	10	6	4	10	8	13	5	3	7	6	750
A[C>T]A	15	13	17	10	16	15	8	18	21	17	36	24	31	21	28	15	9	14	20	23	21	24	15	15	28	180	183	226	154	140	193	198	11	13	11	12	15	13	16	19	18	16	14	8	25	15	22	12	12	9	10	14	10	10	18	21	14	13	12	7	14	9	17	13	16	14	9	10	11	12	17	9	2263
A[C>T]C	3	7	10	3	9	7	6	6	13	18	18	13	19	13	27	14	3	11	12	10	8	12	7	4	17	59	45	76	47	55	60	70	8	14	15	11	9	7	4	6	9	12	11	3	6	9	12	9	3	5	6	10	14	10	8	6	7	8	5	9	4	5	9	11	7	5	3	9	9	12	5	3	992
A[C>T]G	1	10	7	4	10	5	7	6	6	9	13	7	10	7	8	10	2	4	9	8	8	8	6	9	11	105	122	142	115	90	123	137	6	2	6	8	3	5	4	11	8	5	2	4	9	4	6	1	4	2	7	4	5	8	6	3	4	1	5	0	7	3	6	6	0	6	1	10	3	11	4	4	1205
A[C>T]T	5	11	15	7	11	6	16	11	16	25	48	35	47	26	40	26	7	15	12	14	10	21	18	14	15	117	94	127	89	83	114	130	15	11	17	16	15	10	12	10	15	8	11	11	12	8	6	11	5	14	10	15	14	17	11	15	10	16	17	16	14	12	11	12	11	6	16	18	12	12	13	10	1697
A[T>A]A	1	6	8	4	5	8	4	14	7	12	12	11	9	7	18	6	3	5	5	8	6	8	3	5	6	8	12	19	12	17	12	15	5	5	5	10	3	6	2	4	9	4	4	7	9	6	3	2	0	2	4	8	9	2	1	4	3	3	6	0	1	7	4	6	2	3	2	9	3	9	4	6	448
A[T>A]C	1	3	3	5	5	3	9	4	4	11	9	4	11	10	10	8	2	3	6	1	5	3	7	5	3	11	10	15	8	11	8	8	3	5	3	6	3	7	0	5	3	7	7	1	6	3	2	2	0	4	5	6	6	9	5	6	1	5	5	4	7	3	5	1	2	5	4	4	5	5	5	2	366
A[T>A]G	2	7	9	4	5	5	7	5	2	6	15	7	12	7	8	8	1	3	5	4	4	10	10	3	2	12	13	19	6	10	8	19	3	4	3	2	7	4	5	3	8	6	5	0	2	10	3	3	1	6	4	9	9	5	6	5	6	6	2	8	2	8	3	5	2	4	5	5	0	1	5	1	408
A[T>A]T	3	7	11	10	14	6	13	14	10	7	17	6	17	10	22	21	1	15	17	9	11	6	5	12	6	57	50	69	39	41	49	65	4	7	11	8	6	7	10	12	13	10	11	8	6	5	9	14	5	2	4	8	6	9	12	4	5	9	12	5	11	9	8	4	2	5	4	5	8	5	5	7	923
A[T>C]A	2	14	7	12	12	8	6	11	11	13	27	11	19	8	32	17	5	16	19	18	13	11	8	9	22	116	99	138	111	90	127	155	6	9	15	15	10	8	10	10	16	9	9	7	8	18	12	5	7	9	9	16	10	15	4	12	7	6	11	8	8	9	3	8	5	5	5	11	11	8	3	11	1521
A[T>C]C	2	7	5	3	8	6	4	6	6	16	19	14	23	13	19	14	4	6	7	10	4	7	2	7	4	41	41	77	37	40	56	75	2	8	3	6	6	5	3	7	6	5	2	5	4	8	3	4	2	6	6	5	4	11	4	5	3	1	4	5	6	4	1	3	3	2	3	6	4	8	5	5	756
A[T>C]G	6	3	8	4	7	3	5	7	10	18	29	23	35	20	28	20	5	14	6	9	15	10	8	13	13	123	125	195	121	116	162	221	4	14	10	12	12	10	10	11	12	5	5	5	7	7	8	4	3	7	8	9	7	10	4	9	4	7	3	4	7	1	10	7	2	5	4	3	2	4	5	2	1638
A[T>C]T	2	12	16	10	10	5	7	13	18	16	17	20	24	9	23	14	1	16	10	18	12	21	16	8	6	63	40	57	41	59	54	53	12	8	10	12	17	6	11	10	13	5	6	8	13	12	16	6	8	6	11	12	8	12	12	8	9	10	8	9	11	9	13	6	4	12	3	14	6	11	14	1	1058
A[T>G]A	0	2	3	2	3	2	4	5	2	4	6	4	6	2	5	5	0	8	3	8	3	5	6	3	6	5	6	4	4	8	1	4	3	1	2	6	3	2	5	5	3	3	5	6	3	2	3	3	3	2	3	1	6	6	4	3	4	4	4	0	4	2	4	2	2	1	2	1	2	4	5	3	248
A[T>G]C	0	2	4	3	3	3	1	1	1	4	11	7	6	5	6	5	2	4	3	3	2	3	2	2	3	2	3	10	6	6	7	9	4	7	3	0	4	3	2	5	4	1	3	4	1	3	2	2	0	0	2	2	3	2	0	3	0	2	2	4	3	3	4	5	0	1	2	2	3	1	3	3	221
A[T>G]G	3	7	3	5	6	4	9	5	4	5	8	2	11	2	14	5	2	7	4	5	6	11	6	5	1	8	5	10	5	6	5	7	3	3	5	1	4	4	5	5	8	4	6	2	3	5	5	5	2	1	2	7	4	6	5	2	3	4	3	4	3	4	6	7	4	1	4	5	5	1	3	5	337
A[T>G]T	0	8	4	2	7	2	6	10	7	10	9	9	17	11	14	12	2	7	5	14	5	14	9	8	9	11	19	16	11	16	10	19	5	12	8	9	2	10	6	16	7	5	2	5	8	7	5	4	5	4	7	9	7	11	4	5	4	4	12	1	3	4	6	6	3	4	4	10	3	6	3	3	536
C[C>A]A	36	72	91	70	99	50	65	92	106	98	117	100	137	98	126	110	49	65	87	60	84	84	54	54	64	129	100	142	97	74	119	133	44	66	64	61	66	47	66	99	100	51	84	74	98	76	93	64	50	55	66	84	66	74	46	69	49	78	68	53	76	58	46	54	66	47	58	64	66	57	48	43	5365
C[C>A]C	7	29	22	23	34	14	16	28	45	34	52	36	45	31	41	34	16	14	23	14	23	30	21	14	32	116	116	162	127	95	110	139	16	21	36	23	19	16	17	31	35	30	21	22	30	30	29	19	16	21	22	18	29	19	17	25	11	27	19	14	25	24	11	16	17	16	20	18	19	25	23	17	2367
C[C>A]G	7	14	15	13	16	6	8	17	13	17	18	12	20	15	20	17	4	10	12	11	13	10	12	14	10	34	33	40	20	29	33	34	9	11	11	8	14	10	15	13	15	8	13	6	16	9	12	4	8	3	9	8	6	6	7	11	8	7	8	11	9	7	7	9	5	8	13	12	8	4	10	6	895
C[C>A]T	36	51	61	50	81	34	44	67	79	74	95	82	113	102	112	85	32	51	69	42	55	63	41	42	78	319	297	425	241	243	285	339	31	58	41	53	59	52	53	79	71	50	59	59	79	46	72	43	25	40	36	64	35	52	40	53	34	57	60	41	43	41	39	46	46	46	45	46	45	29	35	33	5656
C[C>G]A	3	6	4	6	6	8	3	6	2	9	25	13	26	17	13	14	4	7	10	10	12	12	12	7	2	7	3	10	7	5	4	11	3	6	6	11	6	6	15	12	11	6	7	5	7	6	2	4	5	4	2	13	5	2	1	10	6	7	4	4	4	4	10	6	2	3	11	3	7	8	8	5	518
C[C>G]C	4	3	3	2	7	6	6	4	7	9	15	15	19	8	14	16	1	13	8	8	9	4	10	8	6	7	7	5	3	11	4	8	3	3	2	2	3	3	3	5	2	4	4	5	5	5	9	2	3	6	6	9	4	5	9	8	6	2	5	3	4	7	9	4	1	3	5	3	3	5	6	6	420
C[C>G]G	0	0	2	2	2	3	5	1	0	0	3	5	7	4	5	2	0	2	2	3	2	2	1	0	0	3	4	2	1	4	2	1	0	2	2	0	2	0	0	1	0	1	1	1	1	1	3	0	1	2	1	0	3	1	1	1	0	0	3	3	0	1	1	0	1	3	2	2	1	0	2	1	112
C[C>G]T	5	2	9	2	11	7	4	14	9	10	22	12	19	13	15	21	2	9	13	12	9	8	4	13	7	7	10	8	8	8	5	8	7	7	8	4	10	0	5	11	11	4	8	5	9	6	6	3	4	9	9	6	8	3	7	9	6	6	8	4	9	7	4	7	4	7	9	7	8	8	9	2	559
C[C>T]A	10	15	13	10	22	7	19	20	17	22	38	30	31	26	26	26	7	22	17	21	14	21	20	10	21	53	49	62	36	38	57	54	20	18	25	19	16	5	13	22	16	17	15	11	23	18	18	8	5	8	8	25	21	20	16	9	6	23	11	12	12	12	13	11	2	7	13	14	10	12	8	15	1368
C[C>T]C	8	14	8	9	17	11	12	12	19	16	35	22	38	15	34	22	5	14	15	13	21	10	19	10	8	47	40	54	38	47	40	50	10	12	18	18	12	9	12	18	20	13	16	12	17	5	7	7	9	14	18	17	5	12	10	12	5	12	8	12	10	8	13	16	9	18	13	13	9	9	13	6	1181
C[C>T]G	2	6	5	10	9	6	6	8	14	3	11	4	7	2	6	7	0	8	6	8	5	6	3	5	5	64	62	87	53	47	60	86	6	5	7	8	3	1	3	10	5	4	4	4	13	5	10	6	2	5	4	4	9	9	4	5	7	5	5	6	7	6	4	2	4	1	7	4	5	6	4	4	816
C[C>T]T	1	12	11	7	15	8	8	21	17	14	25	20	24	21	30	28	8	19	15	14	13	19	10	12	9	44	50	51	40	47	63	52	11	10	9	12	16	7	15	11	18	8	14	9	16	18	14	6	2	5	14	18	14	13	12	14	8	16	10	9	21	8	7	9	5	8	16	11	9	7	13	5	1158
C[T>A]A	0	2	5	4	6	4	2	4	3	9	14	8	6	6	11	5	3	6	6	4	4	4	7	6	1	11	6	12	5	10	6	8	6	4	3	3	4	8	5	6	4	1	5	6	3	7	4	8	1	2	6	5	7	2	2	4	2	0	3	2	4	4	2	4	1	3	2	6	1	2	2	0	330
C[T>A]C	1	8	4	7	8	9	8	11	8	10	12	7	11	4	17	14	4	12	6	10	7	8	9	7	4	20	21	37	13	20	27	40	7	10	7	3	3	3	5	6	7	6	4	6	5	3	7	1	4	6	7	7	10	2	6	6	5	8	3	7	6	8	4	4	5	8	2	4	4	5	4	7	588
C[T>A]G	1	5	10	7	6	2	4	3	10	14	11	4	20	11	18	5	2	5	14	6	14	6	3	7	2	9	7	16	14	12	10	13	5	7	5	11	6	4	3	8	7	7	11	4	0	6	7	2	4	2	2	6	6	3	5	6	3	6	2	2	5	5	7	5	2	6	7	10	6	4	2	4	468
C[T>A]T	3	6	5	7	13	3	4	8	10	12	12	13	19	14	17	7	3	7	4	12	10	11	7	11	9	12	14	16	12	17	13	12	2	7	8	5	6	3	3	12	10	8	7	5	2	6	4	9	1	9	6	13	10	9	8	8	5	4	5	2	9	7	2	6	1	3	4	9	3	7	6	9	551
C[T>C]A	5	8	6	8	4	6	8	3	13	15	24	14	23	20	21	18	7	11	13	9	8	12	6	4	14	83	82	149	67	82	96	133	5	6	4	9	6	3	6	6	11	6	6	2	8	9	5	3	3	1	5	7	4	5	5	5	7	5	2	5	10	2	7	8	2	12	5	5	9	5	5	1	1186
C[T>C]C	2	3	6	9	11	3	2	11	9	20	16	21	15	11	19	13	2	5	5	6	5	4	8	12	9	65	56	95	50	53	59	92	8	3	5	13	5	5	10	8	9	7	5	4	5	10	10	3	4	5	6	2	2	5	5	4	2	4	4	4	7	10	3	5	1	9	5	6	3	7	7	4	910
C[T>C]G	4	12	8	4	12	8	8	7	11	26	21	27	30	23	48	24	2	14	13	13	9	7	4	9	14	166	153	237	146	156	182	227	3	10	14	11	11	3	7	5	9	8	9	6	9	8	11	7	5	11	9	7	6	7	3	10	2	15	11	11	10	12	9	15	3	15	2	8	7	5	9	5	1939
C[T>C]T	5	12	9	8	10	7	7	12	23	22	30	25	26	21	24	20	6	20	16	12	17	13	12	13	23	99	73	111	50	83	91	102	8	9	7	12	5	6	6	15	16	7	9	5	6	4	10	7	7	9	3	7	6	10	5	11	3	7	6	10	10	7	7	7	6	8	6	7	9	9	8	9	1294
C[T>G]A	2	2	2	2	1	4	1	5	4	5	10	3	6	9	12	5	1	6	5	8	6	4	2	4	3	6	7	6	4	6	3	5	3	7	3	3	6	3	2	4	2	2	1	1	3	4	5	3	3	1	3	1	3	1	3	3	4	2	1	1	4	2	0	2	1	5	5	1	1	1	3	1	249
C[T>G]C	1	1	2	3	8	0	5	3	7	5	7	6	10	11	10	5	3	4	4	2	5	4	2	7	5	23	21	31	16	22	17	36	0	3	2	7	4	5	3	3	10	2	5	2	1	1	3	2	2	0	1	1	3	2	2	3	4	4	6	1	4	4	6	2	0	1	6	2	6	2	5	2	401
C[T>G]G	2	4	8	1	7	5	4	10	8	11	9	11	9	6	11	10	2	6	13	7	8	7	5	4	5	22	28	35	23	28	24	32	4	6	7	7	2	2	2	3	6	4	7	6	6	11	6	5	3	2	4	5	3	2	4	3	2	2	4	4	6	4	3	4	1	5	5	4	4	4	5	5	527
C[T>G]T	6	12	5	7	10	5	6	13	24	13	18	14	30	12	21	18	7	13	16	9	8	11	11	6	15	29	30	43	17	20	26	38	5	11	7	16	5	7	9	13	17	7	9	6	5	8	13	5	2	8	8	11	4	13	6	7	2	4	7	10	9	8	4	8	4	5	3	7	7	11	10	4	804
G[C>A]A	59	121	153	159	188	98	115	160	205	146	234	161	187	148	202	165	61	99	139	114	119	128	87	110	122	124	146	175	100	100	135	165	95	139	114	139	114	95	100	174	177	129	139	113	163	112	184	82	80	98	113	158	122	140	92	123	74	117	139	112	130	94	98	89	81	101	106	112	101	118	111	82	8892
G[C>A]C	14	40	32	31	38	17	34	33	47	64	80	59	76	71	62	75	19	26	39	22	33	21	21	26	42	82	82	94	56	47	78	67	23	33	34	39	21	30	34	38	43	29	38	26	39	35	38	23	22	24	20	39	20	29	12	32	24	27	27	25	29	24	20	21	19	25	21	42	21	26	20	12	2600
G[C>A]G	8	4	11	6	13	6	10	12	17	17	18	10	22	15	20	23	8	8	7	8	10	9	4	6	12	10	18	20	22	9	10	17	6	12	10	8	11	7	13	15	17	8	6	5	14	2	11	6	7	4	12	8	2	12	4	9	9	10	7	10	13	6	10	9	5	2	7	12	3	12	6	2	714
G[C>A]T	53	110	112	109	134	65	92	113	151	173	216	173	224	166	176	164	61	83	101	88	102	89	54	57	109	145	150	187	131	122	152	171	77	104	90	114	75	78	97	128	128	102	132	91	133	79	131	76	59	72	105	142	86	104	68	112	77	101	81	87	90	77	79	67	54	78	87	80	88	79	71	70	7541
G[C>G]A	1	5	4	0	7	2	4	7	5	11	14	13	22	15	18	12	4	4	3	8	7	8	5	2	5	8	9	6	6	6	5	6	3	3	2	4	2	1	4	8	10	1	2	2	7	4	2	8	3	7	2	4	0	5	3	2	2	5	4	1	3	6	1	3	2	8	4	7	2	7	6	3	376
G[C>G]C	3	2	5	7	7	4	4	6	4	15	12	6	12	14	8	10	2	8	4	9	9	13	7	5	4	8	13	10	11	14	7	11	2	12	5	1	0	5	4	7	5	6	7	1	3	1	2	2	0	2	0	7	1	4	2	4	1	4	3	5	9	4	4	2	2	3	6	5	1	5	3	4	391
G[C>G]G	1	2	0	1	1	0	0	3	1	5	2	4	4	3	2	4	0	1	3	0	2	1	1	2	0	4	3	1	1	0	1	1	0	2	3	0	1	3	0	1	1	1	0	0	2	1	0	1	0	0	1	1	0	2	2	3	0	2	1	1	1	3	1	0	0	2	1	2	2	1	3	1	96
G[C>G]T	4	5	6	4	11	7	10	6	7	13	23	16	18	17	12	17	3	9	13	5	4	5	3	5	5	13	13	23	12	11	18	21	5	2	5	6	6	5	3	6	5	4	4	5	5	8	3	1	0	3	4	7	4	7	7	13	3	5	4	5	10	5	8	4	2	9	3	4	7	7	4	7	533
G[C>T]A	9	9	9	8	11	8	10	8	19	25	32	23	37	20	33	31	11	17	11	19	13	16	20	11	25	214	215	262	178	183	213	255	8	11	7	6	11	11	17	17	18	11	11	8	10	12	19	9	3	13	11	8	24	10	5	8	5	9	14	8	11	16	11	11	8	12	13	15	6	12	14	11	2374
G[C>T]C	4	10	9	7	10	11	8	15	6	17	24	15	20	19	28	19	11	13	13	15	8	13	7	7	20	171	135	187	139	125	156	190	6	9	13	8	3	8	9	13	15	6	6	10	9	7	14	4	4	7	9	10	7	11	6	10	8	8	11	5	10	6	10	2	5	11	12	16	8	6	3	7	1754
G[C>T]G	3	3	2	6	9	8	5	3	9	5	4	6	6	3	7	11	2	10	9	9	11	11	10	7	16	128	120	196	124	114	129	178	4	5	3	4	5	9	1	4	6	5	5	5	12	6	11	10	3	6	7	9	6	5	3	4	1	3	4	4	7	8	5	7	4	5	4	5	4	4	6	5	1367
G[C>T]T	4	4	8	10	12	5	10	8	9	22	23	21	19	19	20	15	8	10	7	8	6	9	10	11	17	172	162	205	148	149	186	206	8	13	12	17	10	8	11	13	14	11	7	9	7	10	6	9	3	8	6	10	5	9	9	15	5	7	8	10	12	5	8	7	6	8	6	10	9	7	10	10	1861
G[T>A]A	0	1	5	3	2	2	3	6	3	3	6	6	3	6	9	2	0	3	2	2	2	2	0	3	3	2	2	5	1	2	5	2	2	3	4	3	3	1	3	3	3	4	2	2	2	4	2	2	0	2	3	4	1	1	0	2	2	2	2	3	1	3	3	1	2	2	4	4	4	3	2	2	188
G[T>A]C	2	3	3	5	3	2	4	3	2	9	9	8	8	11	11	4	2	5	3	4	3	5	1	6	3	8	4	8	2	4	5	8	3	1	2	1	2	0	2	8	0	2	3	3	1	1	4	1	1	2	1	4	2	0	2	2	1	2	4	1	7	3	3	2	1	1	1	6	1	5	2	2	244
G[T>A]G	3	1	1	3	1	5	4	2	2	7	8	9	9	7	9	11	2	4	2	3	5	4	4	6	4	5	10	9	9	7	6	7	1	9	7	2	1	2	3	4	2	5	0	2	1	0	2	2	2	1	3	4	2	2	3	1	2	2	2	2	1	2	2	3	1	4	3	3	3	4	4	5	264
G[T>A]T	0	3	6	3	1	0	3	4	4	5	5	5	9	6	10	9	2	8	4	10	2	6	2	5	3	9	13	15	8	8	15	14	2	2	7	2	1	2	2	4	3	2	3	2	3	3	4	4	2	2	6	6	5	3	3	1	0	2	2	2	3	1	3	5	3	3	7	5	4	5	5	2	316
G[T>C]A	3	8	1	1	9	3	4	3	5	10	18	16	14	9	13	8	5	5	3	12	11	13	5	2	7	80	95	128	75	87	101	97	6	6	7	8	3	2	5	2	8	7	4	6	3	11	6	1	5	3	5	7	4	9	7	5	1	5	4	5	4	4	3	6	0	2	2	2	4	1	4	0	1024
G[T>C]C	0	2	8	1	7	3	5	5	0	7	20	7	14	10	13	5	3	6	9	11	7	5	3	6	8	27	34	39	38	33	38	57	5	1	6	6	2	0	0	4	2	4	1	0	4	4	4	2	3	4	2	7	1	2	7	5	3	3	4	6	9	7	2	2	1	6	1	4	3	5	1	2	563
G[T>C]G	1	5	5	4	2	9	5	7	4	11	21	12	15	15	20	14	0	5	7	8	9	5	5	7	8	71	67	91	57	65	80	82	8	8	8	8	5	3	7	6	6	4	2	4	6	3	2	5	2	6	5	12	2	4	6	3	5	3	7	4	9	6	6	9	0	4	5	5	3	9	4	8	917
G[T>C]T	3	1	2	4	9	3	10	6	10	16	19	9	11	9	16	11	4	12	10	8	12	11	8	7	10	38	56	70	41	51	59	61	3	8	4	8	6	4	6	5	8	6	7	3	4	8	7	6	1	8	8	5	4	10	5	9	7	7	6	4	1	4	7	2	5	12	6	8	4	6	7	3	819
G[T>G]A	3	1	1	2	2	0	2	1	2	3	2	2	5	2	2	2	3	4	1	5	1	3	4	1	2	2	1	3	3	0	2	2	3	0	3	2	3	0	1	1	1	1	3	1	0	2	3	0	1	1	1	4	1	0	2	2	1	3	1	1	1	1	2	0	2	1	1	2	2	1	3	1	124
G[T>G]C	0	1	0	0	2	0	1	2	2	5	4	2	8	2	2	4	0	0	0	2	2	3	2	2	3	1	1	3	2	3	3	3	1	1	3	0	1	1	2	1	2	0	1	1	2	1	1	3	1	1	4	3	1	1	1	1	1	3	0	2	0	0	1	3	0	1	1	0	0	1	1	0	112
G[T>G]G	0	3	2	1	3	2	2	3	4	2	4	3	6	4	9	3	3	3	7	2	3	7	7	5	1	7	3	4	2	3	2	4	1	4	1	2	2	5	6	4	3	2	3	2	3	2	2	0	1	2	4	4	3	0	2	4	0	2	3	0	5	2	0	1	1	1	0	1	3	1	0	0	196
G[T>G]T	2	4	2	5	5	1	6	3	8	7	5	11	11	9	11	6	3	5	9	4	8	6	6	4	4	7	7	10	5	9	10	14	5	5	4	4	3	5	3	4	8	4	9	2	2	6	6	2	0	3	5	3	4	6	4	7	7	4	5	5	2	2	6	1	1	1	7	6	4	7	3	3	369
T[C>A]A	39	67	93	78	90	49	92	82	113	84	124	112	119	111	152	100	51	76	86	65	87	83	44	45	81	92	89	107	82	62	84	84	73	65	72	80	73	54	74	95	114	73	94	66	93	77	100	67	50	57	72	107	66	114	42	68	42	92	82	58	70	63	80	58	43	62	73	74	73	68	53	61	5507
T[C>A]C	27	50	38	43	53	40	37	60	59	51	89	65	101	66	77	65	22	50	45	37	48	31	38	23	48	71	78	110	60	55	61	91	33	40	44	48	42	34	42	53	66	33	41	38	57	51	60	45	31	39	54	42	41	44	33	46	34	54	53	37	44	38	40	48	30	26	32	40	35	45	40	29	3402
T[C>A]G	7	14	10	13	18	11	14	19	17	16	16	17	20	14	21	15	6	13	11	9	8	12	13	12	11	15	15	23	10	12	14	21	10	14	10	11	11	10	5	15	21	4	11	5	9	8	14	7	12	8	7	7	8	9	10	16	5	9	11	6	6	7	17	6	4	7	6	11	11	8	10	4	803
T[C>A]T	72	140	134	131	178	89	135	152	184	190	261	180	255	197	258	197	76	109	167	116	128	132	86	90	133	209	196	258	156	149	194	252	101	100	129	150	121	83	110	176	203	133	142	129	187	126	156	136	104	93	119	148	116	144	85	121	78	160	107	120	142	99	98	111	89	94	92	124	96	88	103	94	9814
T[C>G]A	5	10	6	8	12	11	9	18	11	9	21	9	17	6	21	16	5	11	16	12	7	12	5	10	9	4	5	11	6	5	8	8	5	9	6	6	8	8	9	9	13	3	6	5	8	13	5	9	9	6	7	9	7	12	5	11	4	7	11	6	9	9	7	4	4	5	8	10	6	12	8	6	613
T[C>G]C	4	7	8	10	8	5	4	14	11	13	16	13	17	15	15	14	5	8	7	5	8	13	5	6	2	6	4	5	7	7	10	6	8	6	6	5	12	6	11	8	17	4	4	6	10	4	5	1	4	6	6	8	3	4	6	7	8	5	4	4	6	6	5	5	5	5	1	9	6	10	9	8	514
T[C>G]G	0	0	2	0	3	1	2	0	1	5	2	1	3	5	5	0	0	0	1	3	2	1	3	1	1	2	0	1	2	1	2	1	1	1	1	1	2	1	2	1	2	1	2	0	2	1	2	1	1	0	1	2	1	1	0	0	0	1	1	1	2	3	2	0	0	0	1	0	0	0	4	1	89
T[C>G]T	5	16	23	13	20	13	18	23	14	17	28	16	27	16	41	17	8	35	12	29	19	31	16	17	21	13	20	20	15	18	21	20	5	11	19	7	12	16	16	23	7	5	12	7	10	11	11	6	6	11	19	18	15	6	9	11	9	11	10	8	14	19	10	6	4	6	14	12	7	4	15	8	1029
T[C>T]A	11	18	15	11	20	12	16	24	28	23	48	31	45	24	39	33	8	26	27	26	17	23	8	28	11	47	41	61	48	37	59	50	20	14	18	13	21	5	21	13	25	11	14	9	22	11	14	10	8	8	13	21	14	17	20	15	15	16	18	15	12	15	18	16	11	16	12	14	10	12	11	11	1472
T[C>T]C	2	12	11	14	15	12	19	13	15	27	29	19	31	23	25	20	6	16	13	17	13	14	16	9	14	37	39	36	30	34	31	43	7	11	10	9	15	9	15	12	28	8	15	10	14	9	11	6	8	3	13	12	16	11	8	7	11	8	12	13	13	14	11	11	7	11	4	7	6	10	9	7	1060
T[C>T]G	2	4	2	5	9	4	2	3	10	4	6	7	7	6	12	6	3	4	4	4	8	3	1	4	5	32	20	46	25	15	30	30	2	6	3	4	6	5	5	4	5	5	6	6	5	6	1	4	1	4	8	4	6	3	4	10	1	6	5	5	5	6	3	2	2	5	6	8	3	5	5	4	498
T[C>T]T	6	16	9	7	15	5	11	19	21	20	29	23	35	25	32	23	9	20	10	27	13	20	10	12	8	53	45	62	35	43	46	53	15	8	11	18	9	7	9	18	21	12	15	7	16	10	12	9	7	12	9	14	14	8	11	9	6	12	6	12	15	4	13	18	10	11	10	11	5	17	13	10	1193
T[T>A]A	8	8	8	10	11	2	9	10	13	17	33	14	26	21	33	19	7	21	9	15	13	13	6	6	14	20	25	42	28	16	26	36	10	10	11	15	4	8	10	8	6	9	5	6	13	7	8	5	6	9	5	12	11	13	2	7	3	11	8	11	11	6	11	10	4	7	8	8	9	10	11	8	856
T[T>A]C	3	8	4	6	13	2	13	8	14	9	24	11	21	15	24	22	2	11	7	18	7	8	9	6	4	13	12	12	9	12	12	14	6	6	9	5	7	8	6	10	12	4	8	9	3	7	11	2	9	5	6	3	5	5	10	5	5	6	5	9	4	8	5	4	2	11	13	10	9	10	9	7	615
T[T>A]G	2	5	5	2	7	4	6	6	4	12	15	10	4	9	8	9	1	5	5	3	3	8	3	3	6	11	6	13	5	6	7	8	3	2	2	5	1	4	5	4	4	10	6	2	4	1	5	3	1	6	2	5	4	5	1	2	1	7	6	3	5	3	6	5	5	4	3	9	5	3	5	2	353
T[T>A]T	3	16	16	11	11	9	9	19	15	23	33	26	24	26	30	23	7	20	15	22	12	20	6	15	7	37	33	42	31	26	25	43	6	11	8	12	12	9	10	15	16	18	11	14	11	9	12	7	6	6	14	7	11	10	11	13	8	8	14	17	12	11	10	18	8	9	5	13	7	8	10	10	1062
T[T>C]A	2	7	5	9	12	5	14	9	14	11	23	11	19	11	21	14	3	11	12	11	15	16	18	12	16	82	78	103	55	77	101	120	6	14	12	13	8	10	8	9	14	3	12	3	8	10	8	8	2	10	5	9	5	8	7	15	8	7	9	3	7	4	9	7	5	4	9	7	5	3	2	7	1211
T[T>C]C	0	5	5	2	12	5	6	8	14	25	25	18	21	13	21	20	4	12	8	8	9	6	12	6	12	47	42	74	49	42	58	72	6	13	9	5	12	7	12	17	14	3	4	4	4	4	6	10	2	3	7	6	8	11	9	9	5	5	6	5	4	7	7	6	6	9	4	11	6	6	8	4	933
T[T>C]G	3	9	5	8	7	3	9	6	5	18	22	20	24	16	18	13	4	13	6	8	3	10	9	5	10	90	70	97	42	61	83	92	4	12	4	6	5	10	9	6	10	13	4	8	5	13	8	5	6	6	5	9	8	11	5	10	5	7	7	11	6	2	9	5	4	5	0	11	3	4	4	2	1050
T[T>C]T	3	10	9	12	18	9	14	10	14	20	39	18	28	23	27	26	3	7	20	13	10	10	9	11	13	82	86	118	73	69	73	107	11	11	17	16	12	11	10	22	12	9	11	12	13	11	14	8	6	6	14	16	6	14	8	6	10	7	9	13	10	7	7	13	6	12	10	10	17	7	15	6	1398
T[T>G]A	1	6	5	5	9	3	4	12	8	7	9	3	9	5	15	7	1	9	12	11	11	10	5	7	2	6	6	7	5	5	4	5	6	6	4	7	5	1	7	11	6	7	6	4	4	5	6	2	5	6	5	8	1	7	3	6	8	4	7	1	6	5	6	5	3	2	7	8	2	8	3	4	414
T[T>G]C	2	4	6	5	7	2	7	5	5	8	10	6	9	5	12	6	3	6	12	6	6	5	4	5	4	9	8	10	5	5	4	4	2	4	7	6	10	3	7	7	10	7	9	2	8	5	7	2	1	3	2	3	1	8	3	6	3	4	5	5	5	4	2	4	3	2	3	7	4	5	5	3	374
T[T>G]G	4	1	6	11	7	9	10	5	5	9	10	8	17	9	23	10	4	11	14	11	12	3	13	10	10	15	9	9	15	8	11	13	6	9	11	4	11	4	7	11	8	4	7	7	7	5	9	3	8	3	7	16	5	3	6	5	3	5	5	9	16	2	9	4	5	4	3	6	9	9	6	12	567
T[T>G]T	17	12	19	9	16	5	9	13	22	16	36	17	26	23	29	24	7	20	17	27	19	12	21	16	12	28	25	25	17	15	18	23	8	17	12	21	17	11	17	20	12	10	11	12	17	9	10	11	9	12	11	12	9	13	12	15	7	13	10	12	17	21	15	8	11	7	16	14	16	9	16	11	1079
